instance           n      BKS    PyVRP    gap%       iters   SA mean    gap%  SA best   bgap%  spread%
------------------------------------------------------------------------------------------------------
X-n101-k25       101    27591    27591    0.00     225,269     28561    3.52    28292    2.54     2.32
X-n153-k22       153    21220    21324    0.49     163,275     22526    6.15    22368    5.41     1.49
X-n200-k36       200    58578    58932    0.60      95,795     60684    3.59    60584    3.42     0.39
X-n303-k21       303    21736    21925    0.87     159,201     23330    7.33    23164    6.57     1.24
X-n401-k29       401    66154    66462    0.47     103,660     69195    4.60    68596    3.69     1.37
X-n502-k39       502    69226    69362    0.20     121,738     70898    2.42    70862    2.36     0.15
X-n701-k44       701    81923    82880    1.17     119,787     87278    6.54    87008    6.21     0.48
X-n1001-k43     1001    72355    73124    1.06     134,960     78259    8.16    78133    7.99     0.43
------------------------------------------------------------------------------------------------------
mean gap to BKS                           0.61                          5.29             4.77

wrote C:/Users/Bben6/PycharmProjects/PythonProject/_from_advisor/benchmark/../data/cvrplib_results.60s.csv
